Multiple size <= 100
TEST 1 ARG:62 77 87 75 52 5 71 84 97 18 36 30 54 50 13 72 74 86 10 68 94 11 89 55 78 24 31 58 16 70 95 47 66 65 92 51 4 15 0 85 73 40 96 32 80 61 49 17 23 48 6 35 90 46 44 27 45 29 41 81 79 93 7 22 8 98 57 38 25 43 21 42 83 34 91 28 19 67 2 64 53 39 37 88 3 9 82 60 99 1 63 26 14 12 20 69 33 56 59 76
TEST 1 ARG:62 77 87 75 52 5 71 84 97 18 36 30 54 50 13 72 74 86 10 68 94 11 89 55 78 24 31 58 16 70 95 47 66 65 92 51 4 15 0 85 73 40 96 32 80 61 49 17 23 48 6 35 90 46 44 27 45 29 41 81 79 93 7 22 8 98 57 38 25 43 21 42 83 34 91 28 19 67 2 64 53 39 37 88 3 9 82 60 99 1 63 26 14 12 20 69 33 56 59 76
TEST 2 ARG:13 37 36 71 77 41 76 97 53 81 21 60 9 51 30 92 67 35 90 87 88 54 18 4 40 73 63 89 84 75 78 70 86 14 3 56 64 20 31 7 27 93 85 28 62 12 72 91 50 6 68 23 80 24 29 94 69 8 66 16 52 61 10 58 79 11 48 26 57 55 99 5 15 44 98 83 19 42 22 39 17 34 1 96 32 47 59 74 82 2 33 43 49 25 95 45 0 38 65 46
TEST 2 ARG:13 37 36 71 77 41 76 97 53 81 21 60 9 51 30 92 67 35 90 87 88 54 18 4 40 73 63 89 84 75 78 70 86 14 3 56 64 20 31 7 27 93 85 28 62 12 72 91 50 6 68 23 80 24 29 94 69 8 66 16 52 61 10 58 79 11 48 26 57 55 99 5 15 44 98 83 19 42 22 39 17 34 1 96 32 47 59 74 82 2 33 43 49 25 95 45 0 38 65 46
TEST 3 ARG:35 44 78 60 25 70 0 82 50 1 72 87 54 77 28 63 75 31 88 47 40 85 18 81 46 49 43 39 83 98 64 13 21 5 11 34 6 69 8 73 86 42 90 95 55 3 2 74 66 61 68 94 96 19 26 92 59 80 57 24 17 20 48 32 9 53 67 30 15 79 65 14 51 36 38 22 56 10 7 76 93 23 37 27 84 52 29 71 45 89 12 58 16 62 4 33 91 97 41 99
TEST 3 ARG:35 44 78 60 25 70 0 82 50 1 72 87 54 77 28 63 75 31 88 47 40 85 18 81 46 49 43 39 83 98 64 13 21 5 11 34 6 69 8 73 86 42 90 95 55 3 2 74 66 61 68 94 96 19 26 92 59 80 57 24 17 20 48 32 9 53 67 30 15 79 65 14 51 36 38 22 56 10 7 76 93 23 37 27 84 52 29 71 45 89 12 58 16 62 4 33 91 97 41 99
TEST 4 ARG:20 72 61 29 9 70 66 7 98 0 23 48 73 86 6 27 89 68 67 52 69 64 96 36 56 58 15 17 79 59 91 51 93 39 80 97 45 62 37 47 18 41 71 44 49 22 65 85 8 11 83 50 88 84 21 90 40 10 16 78 4 13 76 32 34 95 99 55 31 75 81 33 87 2 92 53 1 63 82 94 25 12 14 3 19 46 38 26 42 35 60 43 74 28 57 77 30 24 5 54
TEST 4 ARG:20 72 61 29 9 70 66 7 98 0 23 48 73 86 6 27 89 68 67 52 69 64 96 36 56 58 15 17 79 59 91 51 93 39 80 97 45 62 37 47 18 41 71 44 49 22 65 85 8 11 83 50 88 84 21 90 40 10 16 78 4 13 76 32 34 95 99 55 31 75 81 33 87 2 92 53 1 63 82 94 25 12 14 3 19 46 38 26 42 35 60 43 74 28 57 77 30 24 5 54
TEST 5 ARG:52 95 39 14 87 70 27 86 73 12 92 84 82 72 37 61 10 71 47 49 88 28 46 17 35 36 8 76 5 40 64 2 48 57 94 44 18 79 98 62 11 63 67 45 23 22 68 60 15 50 26 89 99 43 54 9 24 53 33 25 21 51 56 7 75 41 34 29 58 38 83 30 20 32 59 90 81 4 6 80 16 91 19 3 97 13 66 96 69 78 93 65 74 55 31 42 85 77 1 0
TEST 5 ARG:52 95 39 14 87 70 27 86 73 12 92 84 82 72 37 61 10 71 47 49 88 28 46 17 35 36 8 76 5 40 64 2 48 57 94 44 18 79 98 62 11 63 67 45 23 22 68 60 15 50 26 89 99 43 54 9 24 53 33 25 21 51 56 7 75 41 34 29 58 38 83 30 20 32 59 90 81 4 6 80 16 91 19 3 97 13 66 96 69 78 93 65 74 55 31 42 85 77 1 0
TEST 6 ARG:91 24 3 72 82 50 9 6 32 37 36 12 40 73 65 86 52 68 38 0 78 83 25 15 66 55 71 30 69 19 88 67 28 45 60 56 33 47 90 61 17 99 35 96 51 49 46 80 1 18 74 54 76 26 89 27 59 13 8 14 20 11 63 70 57 5 75 44 93 34 31 64 10 87 48 62 98 21 39 92 81 79 84 77 43 94 97 29 2 22 16 42 23 85 58 4 7 41 53 95
TEST 6 ARG:91 24 3 72 82 50 9 6 32 37 36 12 40 73 65 86 52 68 38 0 78 83 25 15 66 55 71 30 69 19 88 67 28 45 60 56 33 47 90 61 17 99 35 96 51 49 46 80 1 18 74 54 76 26 89 27 59 13 8 14 20 11 63 70 57 5 75 44 93 34 31 64 10 87 48 62 98 21 39 92 81 79 84 77 43 94 97 29 2 22 16 42 23 85 58 4 7 41 53 95
TEST 7 ARG:60 64 70 51 15 96 3 78 4 85 42 31 69 89 47 74 18 93 12 32 10 38 11 0 48 9 33 1 14 67 28 59 23 24 53 68 84 44 62 63 20 7 52 19 50 77 17 25 75 34 81 56 46 94 98 57 21 43 86 71 36 73 16 39 37 8 5 29 61 82 27 91 80 95 45 66 41 30 76 83 87 54 92 40 72 2 13 88 65 99 58 49 26 79 55 6 35 22 90 97
TEST 7 ARG:60 64 70 51 15 96 3 78 4 85 42 31 69 89 47 74 18 93 12 32 10 38 11 0 48 9 33 1 14 67 28 59 23 24 53 68 84 44 62 63 20 7 52 19 50 77 17 25 75 34 81 56 46 94 98 57 21 43 86 71 36 73 16 39 37 8 5 29 61 82 27 91 80 95 45 66 41 30 76 83 87 54 92 40 72 2 13 88 65 99 58 49 26 79 55 6 35 22 90 97
TEST 8 ARG:60 27 68 14 64 21 70 17 31 65 55 40 11 15 50 16 80 44 56 54 71 28 94 4 32 13 7 73 18 48 90 84 10 93 22 37 23 83 61 45 62 42 87 24 59 89 9 76 53 57 1 3 82 26 81 79 2 38 63 35 96 39 6 51 19 72 33 5 91 41 36 34 8 98 29 49 78 69 86 12 46 58 74 20 99 97 0 67 66 92 75 43 52 88 95 77 85 25 30 47
TEST 8 ARG:60 27 68 14 64 21 70 17 31 65 55 40 11 15 50 16 80 44 56 54 71 28 94 4 32 13 7 73 18 48 90 84 10 93 22 37 23 83 61 45 62 42 87 24 59 89 9 76 53 57 1 3 82 26 81 79 2 38 63 35 96 39 6 51 19 72 33 5 91 41 36 34 8 98 29 49 78 69 86 12 46 58 74 20 99 97 0 67 66 92 75 43 52 88 95 77 85 25 30 47
TEST 9 ARG:23 22 95 73 4 15 43 96 17 57 11 58 56 29 27 53 28 55 0 50 42 44 98 21 33 32 40 70 67 10 6 16 74 76 54 12 81 65 9 82 34 3 52 86 14 20 79 5 25 85 80 84 63 75 69 31 93 19 36 49 38 59 8 62 77 1 94 60 71 90 39 46 88 51 92 35 97 99 83 64 13 68 47 2 18 91 48 72 66 45 87 41 30 26 37 61 24 7 89 78
TEST 9 ARG:23 22 95 73 4 15 43 96 17 57 11 58 56 29 27 53 28 55 0 50 42 44 98 21 33 32 40 70 67 10 6 16 74 76 54 12 81 65 9 82 34 3 52 86 14 20 79 5 25 85 80 84 63 75 69 31 93 19 36 49 38 59 8 62 77 1 94 60 71 90 39 46 88 51 92 35 97 99 83 64 13 68 47 2 18 91 48 72 66 45 87 41 30 26 37 61 24 7 89 78
TEST 10 ARG:2 81 20 49 4 80 22 9 54 75 87 88 50 11 27 82 86 85 38 25 53 52 37 83 41 7 76 62 84 10 66 64 89 56 47 58 67 15 92 34 68 96 73 69 78 26 46 98 1 45 79 35 36 29 33 99 95 77 14 30 6 28 18 59 97 5 19 23 24 43 0 91 32 65 60 31 51 42 90 48 3 72 16 44 39 61 12 55 57 74 13 71 63 70 21 40 17 8 93 94
TEST 10 ARG:2 81 20 49 4 80 22 9 54 75 87 88 50 11 27 82 86 85 38 25 53 52 37 83 41 7 76 62 84 10 66 64 89 56 47 58 67 15 92 34 68 96 73 69 78 26 46 98 1 45 79 35 36 29 33 99 95 77 14 30 6 28 18 59 97 5 19 23 24 43 0 91 32 65 60 31 51 42 90 48 3 72 16 44 39 61 12 55 57 74 13 71 63 70 21 40 17 8 93 94
TEST 11 ARG:83 94 35 52 77 31 1 82 25 59 36 84 0 90 69 92 37 70 16 27 65 34 21 2 89 41 17 12 5 23 51 53 79 18 66 22 26 19 48 72 4 54 87 6 91 88 86 64 61 95 76 3 43 11 46 13 50 28 14 10 62 58 15 63 40 97 81 78 44 71 68 45 33 93 29 67 47 20 98 24 38 7 73 8 57 99 75 9 60 39 32 56 30 80 42 55 85 49 96 74
TEST 11 ARG:83 94 35 52 77 31 1 82 25 59 36 84 0 90 69 92 37 70 16 27 65 34 21 2 89 41 17 12 5 23 51 53 79 18 66 22 26 19 48 72 4 54 87 6 91 88 86 64 61 95 76 3 43 11 46 13 50 28 14 10 62 58 15 63 40 97 81 78 44 71 68 45 33 93 29 67 47 20 98 24 38 7 73 8 57 99 75 9 60 39 32 56 30 80 42 55 85 49 96 74
TEST 12 ARG:67 85 86 28 8 94 65 17 68 43 80 70 50 75 2 16 48 34 95 73 36 5 60 97 66 47 64 29 19 30 25 53 3 52 21 1 6 59 91 38 82 57 27 0 99 49 89 54 26 78 90 10 23 24 4 15 98 35 14 81 13 9 51 63 71 77 31 20 69 44 83 74 88 46 87 37 39 12 45 76 56 84 40 96 72 32 11 62 93 92 22 18 58 79 7 42 55 41 33 61
TEST 12 ARG:67 85 86 28 8 94 65 17 68 43 80 70 50 75 2 16 48 34 95 73 36 5 60 97 66 47 64 29 19 30 25 53 3 52 21 1 6 59 91 38 82 57 27 0 99 49 89 54 26 78 90 10 23 24 4 15 98 35 14 81 13 9 51 63 71 77 31 20 69 44 83 74 88 46 87 37 39 12 45 76 56 84 40 96 72 32 11 62 93 92 22 18 58 79 7 42 55 41 33 61
TEST 13 ARG:50 90 53 39 4 86 57 71 49 70 33 10 85 24 67 84 95 89 11 97 87 15 83 59 73 52 80 21 93 46 9 40 91 79 0 43 96 82 72 12 51 62 98 3 65 81 75 64 8 68 60 19 6 17 32 35 14 94 5 58 7 36 74 92 47 77 56 18 41 16 54 88 26 66 23 42 37 99 22 44 63 20 2 48 28 30 76 25 27 55 13 61 34 69 29 38 1 45 78 31
TEST 13 ARG:50 90 53 39 4 86 57 71 49 70 33 10 85 24 67 84 95 89 11 97 87 15 83 59 73 52 80 21 93 46 9 40 91 79 0 43 96 82 72 12 51 62 98 3 65 81 75 64 8 68 60 19 6 17 32 35 14 94 5 58 7 36 74 92 47 77 56 18 41 16 54 88 26 66 23 42 37 99 22 44 63 20 2 48 28 30 76 25 27 55 13 61 34 69 29 38 1 45 78 31
TEST 14 ARG:30 59 52 28 72 67 92 81 41 65 94 69 0 64 5 15 74 61 97 46 24 29 10 76 26 85 68 34 18 31 96 42 98 35 11 50 82 60 17 54 49 38 83 16 27 22 66 32 48 99 33 87 25 9 53 45 7 19 56 2 51 62 14 57 39 23 13 55 91 75 79 8 47 84 89 90 40 71 58 4 6 63 1 78 20 73 21 77 93 12 43 37 70 3 80 44 36 88 95 86
TEST 14 ARG:30 59 52 28 72 67 92 81 41 65 94 69 0 64 5 15 74 61 97 46 24 29 10 76 26 85 68 34 18 31 96 42 98 35 11 50 82 60 17 54 49 38 83 16 27 22 66 32 48 99 33 87 25 9 53 45 7 19 56 2 51 62 14 57 39 23 13 55 91 75 79 8 47 84 89 90 40 71 58 4 6 63 1 78 20 73 21 77 93 12 43 37 70 3 80 44 36 88 95 86
TEST 15 ARG:43 54 58 22 6 57 34 17 93 1 9 91 42 81 25 70 78 33 4 28 80 40 46 29 55 73 96 71 12 26 24 77 39 36 66 85 82 44 47 83 74 30 51 32 16 20 13 19 23 79 45 5 92 97 7 11 67 59 10 68 38 60 75 8 0 69 88 21 49 72 62 95 2 89 48 31 61 41 3 94 86 65 64 37 27 56 98 63 99 50 52 15 35 76 87 84 18 53 90 14
TEST 15 ARG:43 54 58 22 6 57 34 17 93 1 9 91 42 81 25 70 78 33 4 28 80 40 46 29 55 73 96 71 12 26 24 77 39 36 66 85 82 44 47 83 74 30 51 32 16 20 13 19 23 79 45 5 92 97 7 11 67 59 10 68 38 60 75 8 0 69 88 21 49 72 62 95 2 89 48 31 61 41 3 94 86 65 64 37 27 56 98 63 99 50 52 15 35 76 87 84 18 53 90 14
TEST 16 ARG:77 40 23 78 44 51 83 37 59 35 3 58 55 94 79 69 25 28 34 49 21 45 82 14 31 19 63 36 95 8 13 16 4 1 43 41 33 26 32 76 12 91 85 42 30 86 7 11 50 10 61 74 90 73 20 57 93 48 67 47 88 52 53 22 87 89 6 81 18 65 92 17 9 98 75 72 62 5 68 39 80 0 71 15 2 66 46 24 96 97 54 84 70 99 60 29 38 56 27 64
TEST 16 ARG:77 40 23 78 44 51 83 37 59 35 3 58 55 94 79 69 25 28 34 49 21 45 82 14 31 19 63 36 95 8 13 16 4 1 43 41 33 26 32 76 12 91 85 42 30 86 7 11 50 10 61 74 90 73 20 57 93 48 67 47 88 52 53 22 87 89 6 81 18 65 92 17 9 98 75 72 62 5 68 39 80 0 71 15 2 66 46 24 96 97 54 84 70 99 60 29 38 56 27 64
TEST 17 ARG:40 26 80 63 13 4 25 93 73 66 21 7 39 84 88 97 67 72 34 77 2 82 85 35 15 76 68 75 60 64 28 22 29 9 71 81 58 56 27 36 43 16 59 86 69 30 61 90 52 92 54 49 78 94 10 31 8 95 6 89 24 47 0 38 51 74 3 18 1 33 98 11 23 87 96 99 70 19 20 14 12 83 65 17 53 44 57 79 46 42 55 32 45 5 62 50 41 37 48 91
TEST 17 ARG:40 26 80 63 13 4 25 93 73 66 21 7 39 84 88 97 67 72 34 77 2 82 85 35 15 76 68 75 60 64 28 22 29 9 71 81 58 56 27 36 43 16 59 86 69 30 61 90 52 92 54 49 78 94 10 31 8 95 6 89 24 47 0 38 51 74 3 18 1 33 98 11 23 87 96 99 70 19 20 14 12 83 65 17 53 44 57 79 46 42 55 32 45 5 62 50 41 37 48 91
TEST 18 ARG:15 24 32 60 27 59 30 67 58 93 72 43 55 86 66 34 63 17 73 7 91 69 65 87 39 96 95 99 57 19 98 47 41 28 68 78 31 6 54 8 22 29 44 26 89 40 0 46 42 37 50 88 77 70 5 80 23 13 45 61 83 2 64 92 97 81 85 33 11 75 71 79 16 84 82 21 94 25 36 48 20 52 4 14 18 76 62 49 51 90 56 12 38 35 1 9 10 74 53 3
TEST 18 ARG:15 24 32 60 27 59 30 67 58 93 72 43 55 86 66 34 63 17 73 7 91 69 65 87 39 96 95 99 57 19 98 47 41 28 68 78 31 6 54 8 22 29 44 26 89 40 0 46 42 37 50 88 77 70 5 80 23 13 45 61 83 2 64 92 97 81 85 33 11 75 71 79 16 84 82 21 94 25 36 48 20 52 4 14 18 76 62 49 51 90 56 12 38 35 1 9 10 74 53 3
TEST 19 ARG:46 4 6 91 89 45 88 23 39 73 57 87 68 79 85 98 93 63 38 69 47 50 90 7 36 71 66 34 86 78 1 43 74 95 22 3 84 62 37 56 42 54 83 30 29 25 21 24 32 15 9 72 82 99 59 65 10 67 2 96 17 11 8 5 40 28 80 44 60 18 76 33 16 81 12 97 52 55 49 94 77 0 51 20 19 53 61 92 14 41 26 13 58 27 70 31 35 64 48 75
TEST 19 ARG:46 4 6 91 89 45 88 23 39 73 57 87 68 79 85 98 93 63 38 69 47 50 90 7 36 71 66 34 86 78 1 43 74 95 22 3 84 62 37 56 42 54 83 30 29 25 21 24 32 15 9 72 82 99 59 65 10 67 2 96 17 11 8 5 40 28 80 44 60 18 76 33 16 81 12 97 52 55 49 94 77 0 51 20 19 53 61 92 14 41 26 13 58 27 70 31 35 64 48 75
TEST 20 ARG:20 82 26 40 70 57 11 35 73 59 25 13 19 33 38 10 79 94 66 1 36 45 74 68 22 8 75 89 84 3 69 95 54 63 99 47 44 16 30 2 46 96 5 76 81 42 43 72 86 77 15 83 67 91 61 4 49 97 50 93 87 60 56 0 9 24 12 14 28 34 85 64 6 88 27 31 29 92 53 58 80 65 55 7 78 51 37 62 18 21 48 98 17 41 23 32 90 52 71 39
TEST 20 ARG:20 82 26 40 70 57 11 35 73 59 25 13 19 33 38 10 79 94 66 1 36 45 74 68 22 8 75 89 84 3 69 95 54 63 99 47 44 16 30 2 46 96 5 76 81 42 43 72 86 77 15 83 67 91 61 4 49 97 50 93 87 60 56 0 9 24 12 14 28 34 85 64 6 88 27 31 29 92 53 58 80 65 55 7 78 51 37 62 18 21 48 98 17 41 23 32 90 52 71 39
TEST 21 ARG:66 86 22 33 40 85 78 92 87 25 1 63 68 21 95 96 31 90 11 6 47 30 70 29 12 74 80 26 50 49 72 53 38 89 34 77 84 62 23 91 7 82 45 39 27 79 65 35 8 73 64 83 56 69 48 24 51 17 43 60 81 71 93 13 16 41 18 76 75 42 59 28 57 44 19 2 37 3 5 55 36 52 54 15 61 9 4 10 32 97 88 20 0 99 67 94 14 46 58 98
TEST 21 ARG:66 86 22 33 40 85 78 92 87 25 1 63 68 21 95 96 31 90 11 6 47 30 70 29 12 74 80 26 50 49 72 53 38 89 34 77 84 62 23 91 7 82 45 39 27 79 65 35 8 73 64 83 56 69 48 24 51 17 43 60 81 71 93 13 16 41 18 76 75 42 59 28 57 44 19 2 37 3 5 55 36 52 54 15 61 9 4 10 32 97 88 20 0 99 67 94 14 46 58 98
TEST 22 ARG:51 59 31 30 83 72 65 50 39 44 32 5 64 14 11 19 66 8 52 55 84 17 35 81 89 60 37 28 86 26 96 43 22 87 13 21 6 46 4 27 29 98 34 23 2 41 42 74 69 80 48 73 0 7 16 49 36 92 79 67 53 47 77 1 63 61 3 40 25 54 71 10 88 62 12 45 57 82 20 75 33 56 99 18 38 95 97 94 85 24 70 58 91 90 68 15 76 78 93 9
TEST 22 ARG:51 59 31 30 83 72 65 50 39 44 32 5 64 14 11 19 66 8 52 55 84 17 35 81 89 60 37 28 86 26 96 43 22 87 13 21 6 46 4 27 29 98 34 23 2 41 42 74 69 80 48 73 0 7 16 49 36 92 79 67 53 47 77 1 63 61 3 40 25 54 71 10 88 62 12 45 57 82 20 75 33 56 99 18 38 95 97 94 85 24 70 58 91 90 68 15 76 78 93 9
TEST 23 ARG:47 30 90 60 58 72 87 54 15 98 19 51 92 13 56 69 26 20 23 39 27 36 99 4 38 40 17 41 6 78 16 88 80 32 12 18 48 81 8 82 74 29 33 64 46 0 2 1 3 71 35 68 11 28 89 84 43 22 57 49 95 42 14 73 62 9 24 50 91 55 79 52 10 61 5 70 45 31 85 67 97 44 77 21 59 76 83 37 63 93 75 53 65 34 94 86 7 66 96 25
TEST 23 ARG:47 30 90 60 58 72 87 54 15 98 19 51 92 13 56 69 26 20 23 39 27 36 99 4 38 40 17 41 6 78 16 88 80 32 12 18 48 81 8 82 74 29 33 64 46 0 2 1 3 71 35 68 11 28 89 84 43 22 57 49 95 42 14 73 62 9 24 50 91 55 79 52 10 61 5 70 45 31 85 67 97 44 77 21 59 76 83 37 63 93 75 53 65 34 94 86 7 66 96 25
TEST 24 ARG:90 31 65 95 49 4 0 33 85 25 42 86 48 35 81 36 19 12 15 57 28 34 77 29 59 5 63 88 92 78 76 23 46 50 30 51 21 8 41 69 11 66 13 73 58 60 17 39 54 10 74 89 67 32 97 71 45 9 62 1 79 40 18 93 37 83 47 68 64 91 94 53 87 22 99 80 38 55 7 56 43 6 52 96 75 26 3 2 16 24 84 98 27 72 44 70 20 61 14 82
TEST 24 ARG:90 31 65 95 49 4 0 33 85 25 42 86 48 35 81 36 19 12 15 57 28 34 77 29 59 5 63 88 92 78 76 23 46 50 30 51 21 8 41 69 11 66 13 73 58 60 17 39 54 10 74 89 67 32 97 71 45 9 62 1 79 40 18 93 37 83 47 68 64 91 94 53 87 22 99 80 38 55 7 56 43 6 52 96 75 26 3 2 16 24 84 98 27 72 44 70 20 61 14 82
TEST 25 ARG:98 64 53 85 43 7 24 81 21 66 22 5 95 9 39 77 4 33 88 75 36 83 72 38 73 13 89 23 15 90 78 76 52 51 82 0 69 19 56 87 42 63 3 47 12 35 74 57 25 92 16 2 32 65 34 84 79 18 45 1 61 28 20 58 93 48 54 29 80 17 40 46 59 96 27 60 91 55 37 11 6 30 70 68 50 26 86 10 41 8 71 14 67 94 99 44 49 31 62 97
TEST 25 ARG:98 64 53 85 43 7 24 81 21 66 22 5 95 9 39 77 4 33 88 75 36 83 72 38 73 13 89 23 15 90 78 76 52 51 82 0 69 19 56 87 42 63 3 47 12 35 74 57 25 92 16 2 32 65 34 84 79 18 45 1 61 28 20 58 93 48 54 29 80 17 40 46 59 96 27 60 91 55 37 11 6 30 70 68 50 26 86 10 41 8 71 14 67 94 99 44 49 31 62 97
TEST 26 ARG:34 17 19 6 63 29 59 53 61 75 22 49 43 48 55 47 97 33 7 40 69 10 0 2 89 52 25 37 80 44 31 24 13 18 94 91 78 4 46 74 67 54 28 96 38 21 66 83 16 70 56 71 14 15 11 81 42 82 23 72 87 88 64 3 36 12 90 35 76 1 41 65 95 60 51 85 79 58 20 62 68 30 9 99 73 77 92 50 8 5 98 86 27 39 32 57 45 93 84 26
TEST 26 ARG:34 17 19 6 63 29 59 53 61 75 22 49 43 48 55 47 97 33 7 40 69 10 0 2 89 52 25 37 80 44 31 24 13 18 94 91 78 4 46 74 67 54 28 96 38 21 66 83 16 70 56 71 14 15 11 81 42 82 23 72 87 88 64 3 36 12 90 35 76 1 41 65 95 60 51 85 79 58 20 62 68 30 9 99 73 77 92 50 8 5 98 86 27 39 32 57 45 93 84 26
TEST 27 ARG:91 48 57 25 16 51 1 19 29 74 65 23 49 80 36 3 62 41 54 53 69 52 67 75 27 58 9 35 26 71 28 12 60 50 64 88 94 87 39 33 81 22 61 55 43 24 59 84 72 93 96 95 68 18 42 8 82 83 92 11 76 86 20 79 31 5 17 97 99 37 98 15 73 13 4 40 66 85 30 6 89 14 38 10 63 47 2 77 7 78 44 34 21 45 32 56 70 46 0 90
TEST 27 ARG:91 48 57 25 16 51 1 19 29 74 65 23 49 80 36 3 62 41 54 53 69 52 67 75 27 58 9 35 26 71 28 12 60 50 64 88 94 87 39 33 81 22 61 55 43 24 59 84 72 93 96 95 68 18 42 8 82 83 92 11 76 86 20 79 31 5 17 97 99 37 98 15 73 13 4 40 66 85 30 6 89 14 38 10 63 47 2 77 7 78 44 34 21 45 32 56 70 46 0 90
TEST 28 ARG:54 61 14 32 67 10 95 80 47 83 79 65 77 33 4 93 1 5 72 0 7 9 81 64 30 68 89 85 36 8 17 88 16 2 58 21 62 15 91 25 12 73 37 13 50 39 53 99 40 56 23 34 28 59 48 55 24 86 94 82 44 38 43 29 20 60 3 97 52 87 41 6 96 57 69 22 42 63 31 78 98 84 92 90 71 76 66 51 11 75 27 70 26 74 19 18 46 49 45 35
TEST 28 ARG:54 61 14 32 67 10 95 80 47 83 79 65 77 33 4 93 1 5 72 0 7 9 81 64 30 68 89 85 36 8 17 88 16 2 58 21 62 15 91 25 12 73 37 13 50 39 53 99 40 56 23 34 28 59 48 55 24 86 94 82 44 38 43 29 20 60 3 97 52 87 41 6 96 57 69 22 42 63 31 78 98 84 92 90 71 76 66 51 11 75 27 70 26 74 19 18 46 49 45 35
TEST 29 ARG:53 66 14 90 25 94 88 40 36 55 38 18 9 81 83 63 30 89 32 69 50 41 57 13 68 48 56 8 87 52 51 76 31 3 42 5 84 77 24 71 72 61 22 45 64 95 96 46 91 49 86 28 33 97 27 74 37 92 54 34 11 75 60 58 59 99 67 15 19 73 1 23 17 93 47 6 78 0 2 12 29 35 10 85 44 43 39 79 98 80 26 7 20 65 16 70 82 4 21 62
TEST 29 ARG:53 66 14 90 25 94 88 40 36 55 38 18 9 81 83 63 30 89 32 69 50 41 57 13 68 48 56 8 87 52 51 76 31 3 42 5 84 77 24 71 72 61 22 45 64 95 96 46 91 49 86 28 33 97 27 74 37 92 54 34 11 75 60 58 59 99 67 15 19 73 1 23 17 93 47 6 78 0 2 12 29 35 10 85 44 43 39 79 98 80 26 7 20 65 16 70 82 4 21 62
TEST 30 ARG:68 71 90 63 60 50 40 52 89 55 27 37 11 4 80 72 24 17 85 16 64 5 94 14 81 99 32 76 10 51 75 41 69 78 53 84 67 73 3 59 88 35 33 7 93 70 86 30 74 21 77 42 22 19 23 82 29 0 15 45 54 91 49 65 56 18 61 31 2 39 26 87 79 46 92 47 97 34 48 8 95 38 58 1 96 36 43 6 57 44 13 9 66 12 20 98 83 28 25 62
TEST 30 ARG:68 71 90 63 60 50 40 52 89 55 27 37 11 4 80 72 24 17 85 16 64 5 94 14 81 99 32 76 10 51 75 41 69 78 53 84 67 73 3 59 88 35 33 7 93 70 86 30 74 21 77 42 22 19 23 82 29 0 15 45 54 91 49 65 56 18 61 31 2 39 26 87 79 46 92 47 97 34 48 8 95 38 58 1 96 36 43 6 57 44 13 9 66 12 20 98 83 28 25 62
TEST 31 ARG:96 58 73 45 49 72 28 21 24 33 78 51 8 71 57 2 60 32 97 26 6 82 68 13 53 79 55 92 99 12 56 66 89 42 76 18 30 23 25 54 84 7 70 16 80 35 9 3 91 36 5 95 63 27 14 81 15 31 17 22 77 47 87 62 75 10 44 86 50 64 19 94 41 37 1 59 74 90 40 69 48 85 65 4 38 88 11 34 0 20 43 61 39 67 52 83 29 93 46 98
TEST 31 ARG:96 58 73 45 49 72 28 21 24 33 78 51 8 71 57 2 60 32 97 26 6 82 68 13 53 79 55 92 99 12 56 66 89 42 76 18 30 23 25 54 84 7 70 16 80 35 9 3 91 36 5 95 63 27 14 81 15 31 17 22 77 47 87 62 75 10 44 86 50 64 19 94 41 37 1 59 74 90 40 69 48 85 65 4 38 88 11 34 0 20 43 61 39 67 52 83 29 93 46 98
TEST 32 ARG:67 14 82 6 91 52 84 79 90 26 22 62 94 33 55 77 98 35 5 1 18 58 96 3 30 38 45 99 17 95 39 57 66 70 8 80 19 83 93 46 37 48 72 71 50 65 59 25 28 15 13 89 2 43 81 61 11 64 24 88 69 32 76 12 74 51 9 56 49 85 68 78 54 20 0 47 42 36 60 73 16 87 21 44 40 27 41 4 7 10 92 23 53 86 31 75 63 34 29 97
TEST 32 ARG:67 14 82 6 91 52 84 79 90 26 22 62 94 33 55 77 98 35 5 1 18 58 96 3 30 38 45 99 17 95 39 57 66 70 8 80 19 83 93 46 37 48 72 71 50 65 59 25 28 15 13 89 2 43 81 61 11 64 24 88 69 32 76 12 74 51 9 56 49 85 68 78 54 20 0 47 42 36 60 73 16 87 21 44 40 27 41 4 7 10 92 23 53 86 31 75 63 34 29 97
TEST 33 ARG:77 8 87 68 14 33 86 94 31 22 43 52 27 92 51 21 13 5 45 73 41 89 58 99 44 63 69 65 47 0 37 90 7 74 96 30 88 76 9 19 1 15 28 26 78 80 24 55 61 95 81 70 46 32 12 42 3 64 23 60 38 16 34 84 29 62 82 54 85 83 59 48 71 25 72 10 67 66 40 6 93 17 20 11 53 91 36 2 97 56 49 39 18 79 98 4 75 35 50 57
TEST 33 ARG:77 8 87 68 14 33 86 94 31 22 43 52 27 92 51 21 13 5 45 73 41 89 58 99 44 63 69 65 47 0 37 90 7 74 96 30 88 76 9 19 1 15 28 26 78 80 24 55 61 95 81 70 46 32 12 42 3 64 23 60 38 16 34 84 29 62 82 54 85 83 59 48 71 25 72 10 67 66 40 6 93 17 20 11 53 91 36 2 97 56 49 39 18 79 98 4 75 35 50 57
TEST 34 ARG:83 28 95 93 89 48 57 10 49 71 16 13 59 4 55 26 54 44 66 21 39 63 70 68 47 45 32 23 88 17 61 96 62 24 14 99 7 91 53 75 92 42 31 72 56 2 86 98 9 65 69 3 0 80 37 74 41 33 34 78 58 20 8 64 76 84 30 94 40 90 46 81 11 22 12 35 60 43 51 82 25 73 85 27 52 19 97 87 15 79 77 6 67 38 50 1 18 29 36 5
TEST 34 ARG:83 28 95 93 89 48 57 10 49 71 16 13 59 4 55 26 54 44 66 21 39 63 70 68 47 45 32 23 88 17 61 96 62 24 14 99 7 91 53 75 92 42 31 72 56 2 86 98 9 65 69 3 0 80 37 74 41 33 34 78 58 20 8 64 76 84 30 94 40 90 46 81 11 22 12 35 60 43 51 82 25 73 85 27 52 19 97 87 15 79 77 6 67 38 50 1 18 29 36 5
TEST 35 ARG:25 6 19 45 47 96 61 83 89 38 64 18 71 37 32 56 9 15 59 35 17 34 14 92 28 5 88 52 55 40 58 16 76 75 95 60 57 68 93 11 99 80 81 91 50 10 43 70 39 53 90 85 21 41 30 66 1 98 77 13 65 84 48 22 29 3 2 78 82 33 74 36 8 63 27 44 26 62 4 72 42 69 12 54 20 24 97 94 0 73 86 7 51 87 79 31 46 49 67 23
TEST 35 ARG:25 6 19 45 47 96 61 83 89 38 64 18 71 37 32 56 9 15 59 35 17 34 14 92 28 5 88 52 55 40 58 16 76 75 95 60 57 68 93 11 99 80 81 91 50 10 43 70 39 53 90 85 21 41 30 66 1 98 77 13 65 84 48 22 29 3 2 78 82 33 74 36 8 63 27 44 26 62 4 72 42 69 12 54 20 24 97 94 0 73 86 7 51 87 79 31 46 49 67 23
TEST 36 ARG:77 88 97 7 57 35 11 22 55 21 95 42 81 83 90 4 30 48 78 6 33 8 92 64 53 27 0 14 85 67 19 40 46 17 24 3 13 61 82 29 41 23 94 89 96 1 76 43 38 86 18 84 73 31 36 12 37 66 71 2 74 79 58 75 32 54 68 69 34 39 25 93 98 26 15 44 63 62 45 87 49 70 72 56 50 65 9 60 10 28 59 99 91 47 5 20 16 80 51 52
TEST 36 ARG:77 88 97 7 57 35 11 22 55 21 95 42 81 83 90 4 30 48 78 6 33 8 92 64 53 27 0 14 85 67 19 40 46 17 24 3 13 61 82 29 41 23 94 89 96 1 76 43 38 86 18 84 73 31 36 12 37 66 71 2 74 79 58 75 32 54 68 69 34 39 25 93 98 26 15 44 63 62 45 87 49 70 72 56 50 65 9 60 10 28 59 99 91 47 5 20 16 80 51 52
TEST 37 ARG:41 68 6 15 18 14 91 33 61 60 89 86 99 77 50 82 25 31 94 81 47 93 1 13 59 73 10 9 37 72 52 58 74 22 27 62 11 67 42 38 85 64 3 92 43 69 7 40 49 24 12 87 70 36 48 4 71 56 80 0 29 5 20 51 2 54 57 96 35 55 45 95 75 44 28 19 21 90 46 34 63 76 23 65 32 26 88 8 83 78 79 30 84 97 39 17 16 66 98 53
TEST 37 ARG:41 68 6 15 18 14 91 33 61 60 89 86 99 77 50 82 25 31 94 81 47 93 1 13 59 73 10 9 37 72 52 58 74 22 27 62 11 67 42 38 85 64 3 92 43 69 7 40 49 24 12 87 70 36 48 4 71 56 80 0 29 5 20 51 2 54 57 96 35 55 45 95 75 44 28 19 21 90 46 34 63 76 23 65 32 26 88 8 83 78 79 30 84 97 39 17 16 66 98 53
TEST 38 ARG:62 71 95 57 43 3 77 18 75 86 35 53 32 66 76 20 2 36 9 24 47 90 73 67 61 97 82 29 22 40 65 42 27 87 80 14 15 28 55 98 68 59 5 63 1 94 31 25 13 21 78 51 48 10 96 6 83 23 30 58 0 99 74 39 91 60 52 38 7 19 46 54 88 92 16 84 37 8 64 34 93 12 49 41 4 33 85 72 89 44 17 69 45 11 26 56 79 81 50 70
TEST 38 ARG:62 71 95 57 43 3 77 18 75 86 35 53 32 66 76 20 2 36 9 24 47 90 73 67 61 97 82 29 22 40 65 42 27 87 80 14 15 28 55 98 68 59 5 63 1 94 31 25 13 21 78 51 48 10 96 6 83 23 30 58 0 99 74 39 91 60 52 38 7 19 46 54 88 92 16 84 37 8 64 34 93 12 49 41 4 33 85 72 89 44 17 69 45 11 26 56 79 81 50 70
TEST 39 ARG:62 36 30 67 16 22 45 46 81 53 13 8 5 47 48 73 85 63 24 74 4 52 7 72 18 68 31 38 94 56 86 3 57 64 25 20 90 58 79 0 55 83 19 43 9 84 59 54 12 89 96 29 40 78 97 95 92 15 28 41 42 49 91 98 44 65 1 51 77 10 99 32 70 23 17 39 82 80 76 61 50 6 87 71 2 34 66 37 14 33 60 75 27 93 35 21 88 11 26 69
TEST 39 ARG:62 36 30 67 16 22 45 46 81 53 13 8 5 47 48 73 85 63 24 74 4 52 7 72 18 68 31 38 94 56 86 3 57 64 25 20 90 58 79 0 55 83 19 43 9 84 59 54 12 89 96 29 40 78 97 95 92 15 28 41 42 49 91 98 44 65 1 51 77 10 99 32 70 23 17 39 82 80 76 61 50 6 87 71 2 34 66 37 14 33 60 75 27 93 35 21 88 11 26 69
TEST 40 ARG:14 39 85 43 86 3 50 51 33 13 12 41 17 59 63 78 45 72 69 18 90 95 87 26 22 73 58 47 0 76 66 83 38 32 1 75 49 80 2 55 20 93 11 6 56 24 62 98 99 31 89 7 65 30 34 25 23 67 37 4 88 44 9 96 94 84 42 91 10 8 48 60 15 71 52 79 70 81 97 77 28 29 21 35 54 74 19 40 64 57 27 36 61 16 5 82 46 68 92 53
TEST 40 ARG:14 39 85 43 86 3 50 51 33 13 12 41 17 59 63 78 45 72 69 18 90 95 87 26 22 73 58 47 0 76 66 83 38 32 1 75 49 80 2 55 20 93 11 6 56 24 62 98 99 31 89 7 65 30 34 25 23 67 37 4 88 44 9 96 94 84 42 91 10 8 48 60 15 71 52 79 70 81 97 77 28 29 21 35 54 74 19 40 64 57 27 36 61 16 5 82 46 68 92 53
TEST 41 ARG:22 10 62 15 86 91 74 55 50 51 1 28 89 81 49 25 67 64 68 8 84 54 66 58 19 59 38 43 7 36 2 5 75 76 60 73 57 56 13 44 53 87 4 65 32 99 41 69 26 24 23 27 70 20 39 52 0 90 46 82 71 77 80 61 63 85 47 9 14 78 98 16 29 79 95 31 40 93 92 48 94 12 42 88 97 11 34 17 33 35 30 6 72 83 3 96 18 21 37 45
TEST 41 ARG:22 10 62 15 86 91 74 55 50 51 1 28 89 81 49 25 67 64 68 8 84 54 66 58 19 59 38 43 7 36 2 5 75 76 60 73 57 56 13 44 53 87 4 65 32 99 41 69 26 24 23 27 70 20 39 52 0 90 46 82 71 77 80 61 63 85 47 9 14 78 98 16 29 79 95 31 40 93 92 48 94 12 42 88 97 11 34 17 33 35 30 6 72 83 3 96 18 21 37 45
TEST 42 ARG:35 26 72 93 46 61 82 31 63 29 14 62 23 38 51 13 77 11 42 74 17 67 97 19 37 52 45 96 10 33 16 25 15 54 92 5 76 69 87 91 36 2 41 30 7 66 90 73 55 44 65 71 22 24 64 81 1 80 9 39 4 27 60 59 32 83 21 12 53 3 58 79 50 20 95 84 94 0 88 6 43 28 75 70 40 34 49 8 48 89 98 78 57 99 47 56 86 18 85 68
TEST 42 ARG:35 26 72 93 46 61 82 31 63 29 14 62 23 38 51 13 77 11 42 74 17 67 97 19 37 52 45 96 10 33 16 25 15 54 92 5 76 69 87 91 36 2 41 30 7 66 90 73 55 44 65 71 22 24 64 81 1 80 9 39 4 27 60 59 32 83 21 12 53 3 58 79 50 20 95 84 94 0 88 6 43 28 75 70 40 34 49 8 48 89 98 78 57 99 47 56 86 18 85 68
TEST 43 ARG:25 32 1 58 12 52 69 23 37 76 72 50 65 79 87 63 9 30 66 14 7 49 17 53 74 60 92 29 96 18 70 85 56 80 59 36 21 55 88 73 90 43 68 67 44 78 34 15 4 40 77 42 81 6 89 47 22 19 41 45 28 16 46 31 38 94 20 2 93 8 82 61 62 51 3 71 57 39 75 0 24 10 83 91 97 86 33 27 11 13 99 95 98 48 26 35 54 84 64 5
TEST 43 ARG:25 32 1 58 12 52 69 23 37 76 72 50 65 79 87 63 9 30 66 14 7 49 17 53 74 60 92 29 96 18 70 85 56 80 59 36 21 55 88 73 90 43 68 67 44 78 34 15 4 40 77 42 81 6 89 47 22 19 41 45 28 16 46 31 38 94 20 2 93 8 82 61 62 51 3 71 57 39 75 0 24 10 83 91 97 86 33 27 11 13 99 95 98 48 26 35 54 84 64 5
TEST 44 ARG:76 95 69 21 99 27 28 91 97 55 19 40 20 24 31 62 12 61 48 60 59 88 65 82 18 81 93 71 45 4 56 37 43 85 30 25 5 87 66 29 54 10 77 6 44 39 42 49 47 57 23 1 80 51 15 94 84 89 70 64 26 33 53 74 50 72 79 75 7 96 52 68 8 98 63 36 86 9 46 13 0 90 34 78 16 22 17 11 38 14 67 41 92 35 58 2 32 3 83 73
TEST 44 ARG:76 95 69 21 99 27 28 91 97 55 19 40 20 24 31 62 12 61 48 60 59 88 65 82 18 81 93 71 45 4 56 37 43 85 30 25 5 87 66 29 54 10 77 6 44 39 42 49 47 57 23 1 80 51 15 94 84 89 70 64 26 33 53 74 50 72 79 75 7 96 52 68 8 98 63 36 86 9 46 13 0 90 34 78 16 22 17 11 38 14 67 41 92 35 58 2 32 3 83 73
TEST 45 ARG:82 97 99 71 74 5 68 46 23 31 51 25 65 93 20 76 32 83 14 60 9 1 45 91 17 15 38 67 41 13 12 37 88 86 78 35 33 96 66 50 30 62 84 92 61 7 55 29 47 11 98 54 52 6 16 26 70 10 59 3 73 43 85 75 2 48 56 34 39 8 28 36 44 95 87 72 58 24 57 64 81 21 19 53 77 4 42 79 40 69 63 94 89 80 18 22 27 90 49 0
TEST 45 ARG:82 97 99 71 74 5 68 46 23 31 51 25 65 93 20 76 32 83 14 60 9 1 45 91 17 15 38 67 41 13 12 37 88 86 78 35 33 96 66 50 30 62 84 92 61 7 55 29 47 11 98 54 52 6 16 26 70 10 59 3 73 43 85 75 2 48 56 34 39 8 28 36 44 95 87 72 58 24 57 64 81 21 19 53 77 4 42 79 40 69 63 94 89 80 18 22 27 90 49 0
TEST 46 ARG:92 21 75 33 38 30 88 32 63 59 93 5 97 82 19 62 46 18 15 50 43 79 95 67 6 23 76 9 86 35 65 31 0 25 57 99 91 37 52 61 34 64 2 83 55 17 1 28 51 74 39 14 20 81 77 66 41 48 80 13 10 69 16 56 3 22 87 26 94 42 72 44 54 96 89 27 98 49 4 84 90 8 24 40 29 73 45 71 7 53 58 68 70 85 12 78 60 36 11 47
TEST 46 ARG:92 21 75 33 38 30 88 32 63 59 93 5 97 82 19 62 46 18 15 50 43 79 95 67 6 23 76 9 86 35 65 31 0 25 57 99 91 37 52 61 34 64 2 83 55 17 1 28 51 74 39 14 20 81 77 66 41 48 80 13 10 69 16 56 3 22 87 26 94 42 72 44 54 96 89 27 98 49 4 84 90 8 24 40 29 73 45 71 7 53 58 68 70 85 12 78 60 36 11 47
TEST 47 ARG:84 52 21 8 81 98 91 99 67 7 48 38 46 76 34 23 72 42 66 96 88 54 36 51 86 40 14 18 5 28 95 24 0 93 9 25 80 87 85 20 12 63 19 6 35 92 70 56 49 43 90 41 69 68 37 26 77 15 59 39 55 11 45 16 65 44 1 17 97 53 62 29 61 13 27 73 83 50 89 64 82 75 2 60 33 57 58 10 47 79 32 94 30 31 71 22 4 3 74 78
TEST 47 ARG:84 52 21 8 81 98 91 99 67 7 48 38 46 76 34 23 72 42 66 96 88 54 36 51 86 40 14 18 5 28 95 24 0 93 9 25 80 87 85 20 12 63 19 6 35 92 70 56 49 43 90 41 69 68 37 26 77 15 59 39 55 11 45 16 65 44 1 17 97 53 62 29 61 13 27 73 83 50 89 64 82 75 2 60 33 57 58 10 47 79 32 94 30 31 71 22 4 3 74 78
TEST 48 ARG:96 58 1 74 6 50 13 99 20 77 34 82 29 73 26 35 49 97 61 52 38 37 90 95 78 93 32 44 63 36 64 68 79 10 11 71 84 0 12 8 39 88 81 19 69 40 72 9 45 48 53 28 7 3 67 70 85 66 57 42 43 4 75 16 65 25 14 86 94 60 51 56 87 15 21 23 31 27 47 18 24 76 80 22 33 41 91 98 62 2 92 54 83 59 30 5 89 46 55 17
TEST 48 ARG:96 58 1 74 6 50 13 99 20 77 34 82 29 73 26 35 49 97 61 52 38 37 90 95 78 93 32 44 63 36 64 68 79 10 11 71 84 0 12 8 39 88 81 19 69 40 72 9 45 48 53 28 7 3 67 70 85 66 57 42 43 4 75 16 65 25 14 86 94 60 51 56 87 15 21 23 31 27 47 18 24 76 80 22 33 41 91 98 62 2 92 54 83 59 30 5 89 46 55 17
TEST 49 ARG:61 40 39 56 91 25 30 96 43 59 32 18 92 68 72 67 58 65 76 79 28 15 47 77 27 45 41 51 83 26 36 22 19 9 37 85 48 29 14 21 33 84 3 46 88 31 55 69 86 49 2 44 87 63 6 11 70 4 38 97 34 0 75 93 52 78 1 60 5 73 35 57 98 99 94 50 89 12 24 74 8 10 81 23 80 16 20 13 95 90 62 54 17 42 82 64 7 66 53 71
TEST 49 ARG:61 40 39 56 91 25 30 96 43 59 32 18 92 68 72 67 58 65 76 79 28 15 47 77 27 45 41 51 83 26 36 22 19 9 37 85 48 29 14 21 33 84 3 46 88 31 55 69 86 49 2 44 87 63 6 11 70 4 38 97 34 0 75 93 52 78 1 60 5 73 35 57 98 99 94 50 89 12 24 74 8 10 81 23 80 16 20 13 95 90 62 54 17 42 82 64 7 66 53 71
TEST 50 ARG:45 71 50 15 47 27 73 82 87 86 85 28 38 63 84 23 55 25 9 61 96 5 58 6 62 67 92 56 75 99 34 64 7 39 79 22 43 12 14 3 35 69 97 1 46 68 41 26 90 53 0 70 44 74 13 24 29 20 42 72 78 11 17 66 83 76 21 2 4 91 94 54 98 32 60 95 31 48 59 36 8 88 77 89 40 30 93 80 16 65 10 37 52 49 19 18 51 33 57 81
TEST 50 ARG:45 71 50 15 47 27 73 82 87 86 85 28 38 63 84 23 55 25 9 61 96 5 58 6 62 67 92 56 75 99 34 64 7 39 79 22 43 12 14 3 35 69 97 1 46 68 41 26 90 53 0 70 44 74 13 24 29 20 42 72 78 11 17 66 83 76 21 2 4 91 94 54 98 32 60 95 31 48 59 36 8 88 77 89 40 30 93 80 16 65 10 37 52 49 19 18 51 33 57 81
TEST 51 ARG:71 26 67 49 21 96 86 32 8 19 63 42 47 58 4 35 93 1 15 73 7 36 74 85 23 20 56 2 51 84 62 70 64 30 5 46 31 87 33 89 38 76 13 69 94 61 72 98 66 14 9 82 83 40 25 34 39 16 41 52 60 44 50 97 80 68 99 75 17 12 43 28 48 0 6 10 37 88 59 22 3 54 27 18 79 24 45 29 92 90 57 53 77 55 78 65 81 11 91 95
TEST 51 ARG:71 26 67 49 21 96 86 32 8 19 63 42 47 58 4 35 93 1 15 73 7 36 74 85 23 20 56 2 51 84 62 70 64 30 5 46 31 87 33 89 38 76 13 69 94 61 72 98 66 14 9 82 83 40 25 34 39 16 41 52 60 44 50 97 80 68 99 75 17 12 43 28 48 0 6 10 37 88 59 22 3 54 27 18 79 24 45 29 92 90 57 53 77 55 78 65 81 11 91 95
TEST 52 ARG:84 94 46 88 87 15 52 80 31 13 92 65 24 58 99 17 64 74 23 2 5 56 3 37 62 95 0 33 45 4 70 21 81 75 35 76 98 82 54 97 68 36 91 73 49 53 22 9 14 20 39 67 60 32 47 41 89 16 61 78 28 69 71 38 1 77 85 27 63 18 10 26 12 83 48 34 19 50 42 44 29 86 43 7 40 59 93 66 79 90 30 55 51 57 6 72 25 11 8 96
TEST 52 ARG:84 94 46 88 87 15 52 80 31 13 92 65 24 58 99 17 64 74 23 2 5 56 3 37 62 95 0 33 45 4 70 21 81 75 35 76 98 82 54 97 68 36 91 73 49 53 22 9 14 20 39 67 60 32 47 41 89 16 61 78 28 69 71 38 1 77 85 27 63 18 10 26 12 83 48 34 19 50 42 44 29 86 43 7 40 59 93 66 79 90 30 55 51 57 6 72 25 11 8 96
TEST 53 ARG:99 53 77 58 23 8 81 31 13 97 36 96 39 62 66 70 5 93 12 50 40 68 6 79 56 64 24 32 71 86 59 84 52 25 0 78 10 19 42 43 82 28 16 92 26 73 57 88 60 55 7 47 45 29 21 75 37 44 80 72 35 51 20 48 41 49 83 85 30 27 65 74 98 34 15 54 17 91 22 3 1 76 90 87 63 94 89 46 9 95 2 69 18 67 61 4 14 38 33 11
TEST 53 ARG:99 53 77 58 23 8 81 31 13 97 36 96 39 62 66 70 5 93 12 50 40 68 6 79 56 64 24 32 71 86 59 84 52 25 0 78 10 19 42 43 82 28 16 92 26 73 57 88 60 55 7 47 45 29 21 75 37 44 80 72 35 51 20 48 41 49 83 85 30 27 65 74 98 34 15 54 17 91 22 3 1 76 90 87 63 94 89 46 9 95 2 69 18 67 61 4 14 38 33 11
TEST 54 ARG:33 95 45 48 85 4 22 64 90 31 30 56 87 94 59 96 52 58 7 19 77 18 25 5 55 92 71 60 83 42 24 68 76 9 62 27 57 1 35 26 75 49 13 54 97 66 44 78 15 88 80 82 43 0 3 74 21 70 8 61 2 23 10 6 46 53 16 38 20 65 67 34 50 72 69 36 89 29 37 86 41 32 12 79 14 47 39 84 93 73 51 63 40 98 28 11 17 99 91 81
TEST 54 ARG:33 95 45 48 85 4 22 64 90 31 30 56 87 94 59 96 52 58 7 19 77 18 25 5 55 92 71 60 83 42 24 68 76 9 62 27 57 1 35 26 75 49 13 54 97 66 44 78 15 88 80 82 43 0 3 74 21 70 8 61 2 23 10 6 46 53 16 38 20 65 67 34 50 72 69 36 89 29 37 86 41 32 12 79 14 47 39 84 93 73 51 63 40 98 28 11 17 99 91 81
TEST 55 ARG:79 25 58 78 34 60 67 57 15 24 53 17 64 46 86 66 42 92 27 32 70 28 36 87 21 82 30 81 4 29 11 33 8 76 63 95 41 65 54 49 12 44 55 59 62 77 35 50 45 71 52 47 38 16 69 40 84 5 90 13 7 10 61 80 3 43 68 18 85 37 74 97 20 6 9 26 93 23 83 72 98 88 14 73 39 99 94 51 0 75 22 56 19 31 89 2 48 91 1 96
TEST 55 ARG:79 25 58 78 34 60 67 57 15 24 53 17 64 46 86 66 42 92 27 32 70 28 36 87 21 82 30 81 4 29 11 33 8 76 63 95 41 65 54 49 12 44 55 59 62 77 35 50 45 71 52 47 38 16 69 40 84 5 90 13 7 10 61 80 3 43 68 18 85 37 74 97 20 6 9 26 93 23 83 72 98 88 14 73 39 99 94 51 0 75 22 56 19 31 89 2 48 91 1 96
TEST 56 ARG:86 78 98 63 84 28 14 33 4 22 1 12 61 2 73 40 72 42 11 95 68 56 59 5 99 96 64 48 65 8 20 49 26 62 34 18 51 71 77 41 30 21 6 76 79 54 55 3 60 43 80 45 46 17 39 75 25 90 38 91 93 23 70 83 97 35 44 92 81 37 29 9 13 57 24 88 85 47 16 15 10 69 7 0 66 74 89 94 32 19 27 87 36 58 50 52 31 82 53 67
TEST 56 ARG:86 78 98 63 84 28 14 33 4 22 1 12 61 2 73 40 72 42 11 95 68 56 59 5 99 96 64 48 65 8 20 49 26 62 34 18 51 71 77 41 30 21 6 76 79 54 55 3 60 43 80 45 46 17 39 75 25 90 38 91 93 23 70 83 97 35 44 92 81 37 29 9 13 57 24 88 85 47 16 15 10 69 7 0 66 74 89 94 32 19 27 87 36 58 50 52 31 82 53 67
TEST 57 ARG:87 13 70 75 47 99 34 62 20 39 86 30 4 49 35 56 7 98 22 14 17 85 36 40 74 29 21 42 8 60 79 61 3 96 15 26 5 46 95 64 81 38 16 59 94 44 72 31 50 18 71 69 32 24 91 0 66 25 58 1 48 93 11 84 53 80 28 65 19 52 89 73 92 12 33 76 68 2 10 82 63 23 45 97 27 78 57 83 6 67 90 54 9 88 43 37 51 55 41 77
TEST 57 ARG:87 13 70 75 47 99 34 62 20 39 86 30 4 49 35 56 7 98 22 14 17 85 36 40 74 29 21 42 8 60 79 61 3 96 15 26 5 46 95 64 81 38 16 59 94 44 72 31 50 18 71 69 32 24 91 0 66 25 58 1 48 93 11 84 53 80 28 65 19 52 89 73 92 12 33 76 68 2 10 82 63 23 45 97 27 78 57 83 6 67 90 54 9 88 43 37 51 55 41 77
TEST 58 ARG:71 22 73 88 6 53 0 21 49 3 80 99 32 83 70 74 15 35 11 52 2 23 28 89 33 37 67 38 8 51 4 47 96 34 9 93 50 26 92 85 78 63 27 59 65 94 87 42 90 76 58 13 25 31 75 1 14 68 86 79 36 54 66 5 18 46 81 91 98 41 62 30 64 43 7 57 72 20 48 44 19 84 10 69 39 77 61 95 97 17 16 12 82 60 40 45 29 55 56 24
TEST 58 ARG:71 22 73 88 6 53 0 21 49 3 80 99 32 83 70 74 15 35 11 52 2 23 28 89 33 37 67 38 8 51 4 47 96 34 9 93 50 26 92 85 78 63 27 59 65 94 87 42 90 76 58 13 25 31 75 1 14 68 86 79 36 54 66 5 18 46 81 91 98 41 62 30 64 43 7 57 72 20 48 44 19 84 10 69 39 77 61 95 97 17 16 12 82 60 40 45 29 55 56 24
TEST 59 ARG:5 49 46 1 91 77 71 25 70 2 26 87 79 3 63 60 65 62 34 42 52 6 82 86 30 35 55 32 93 18 12 0 76 39 99 61 38 96 31 16 27 48 90 21 67 41 68 81 64 47 69 20 43 58 97 80 45 24 95 40 7 36 73 33 22 75 98 37 88 15 50 51 19 66 11 10 44 4 57 17 54 72 94 8 9 78 89 84 23 59 83 85 14 13 92 29 56 28 74 53
TEST 59 ARG:5 49 46 1 91 77 71 25 70 2 26 87 79 3 63 60 65 62 34 42 52 6 82 86 30 35 55 32 93 18 12 0 76 39 99 61 38 96 31 16 27 48 90 21 67 41 68 81 64 47 69 20 43 58 97 80 45 24 95 40 7 36 73 33 22 75 98 37 88 15 50 51 19 66 11 10 44 4 57 17 54 72 94 8 9 78 89 84 23 59 83 85 14 13 92 29 56 28 74 53
TEST 60 ARG:49 87 78 70 60 75 2 83 33 73 23 89 97 47 85 9 84 35 86 38 92 41 0 11 61 19 42 3 18 79 24 44 56 13 12 8 22 57 88 66 32 82 67 25 40 72 48 14 36 54 59 96 51 20 74 77 52 1 53 58 7 68 94 46 10 91 71 50 15 98 17 55 16 5 90 93 4 95 28 65 37 26 81 80 31 39 99 6 34 43 64 63 69 29 62 76 30 27 21 45
TEST 60 ARG:49 87 78 70 60 75 2 83 33 73 23 89 97 47 85 9 84 35 86 38 92 41 0 11 61 19 42 3 18 79 24 44 56 13 12 8 22 57 88 66 32 82 67 25 40 72 48 14 36 54 59 96 51 20 74 77 52 1 53 58 7 68 94 46 10 91 71 50 15 98 17 55 16 5 90 93 4 95 28 65 37 26 81 80 31 39 99 6 34 43 64 63 69 29 62 76 30 27 21 45
TEST 61 ARG:1 67 85 73 90 12 23 91 82 89 16 42 96 26 77 50 47 52 99 55 56 37 81 17 72 76 45 14 28 83 36 88 66 63 43 40 75 92 70 60 6 10 44 5 32 74 7 24 79 21 64 93 58 31 25 94 78 27 95 19 3 33 29 30 2 15 11 61 87 86 53 80 69 97 13 20 51 0 46 65 38 54 62 49 57 9 71 34 4 98 41 84 35 8 48 68 18 59 39 22
TEST 61 ARG:1 67 85 73 90 12 23 91 82 89 16 42 96 26 77 50 47 52 99 55 56 37 81 17 72 76 45 14 28 83 36 88 66 63 43 40 75 92 70 60 6 10 44 5 32 74 7 24 79 21 64 93 58 31 25 94 78 27 95 19 3 33 29 30 2 15 11 61 87 86 53 80 69 97 13 20 51 0 46 65 38 54 62 49 57 9 71 34 4 98 41 84 35 8 48 68 18 59 39 22
TEST 62 ARG:29 8 51 40 10 5 65 87 21 66 6 79 81 63 71 53 93 31 69 62 7 3 32 23 91 33 36 19 92 4 75 15 25 48 28 35 50 64 88 54 0 55 44 95 61 42 68 82 98 47 30 14 11 12 2 39 16 77 41 85 56 26 9 20 67 96 22 57 94 84 1 37 49 70 74 76 38 97 24 83 89 45 78 60 72 59 90 73 27 18 43 80 86 34 46 52 17 58 99 13
TEST 62 ARG:29 8 51 40 10 5 65 87 21 66 6 79 81 63 71 53 93 31 69 62 7 3 32 23 91 33 36 19 92 4 75 15 25 48 28 35 50 64 88 54 0 55 44 95 61 42 68 82 98 47 30 14 11 12 2 39 16 77 41 85 56 26 9 20 67 96 22 57 94 84 1 37 49 70 74 76 38 97 24 83 89 45 78 60 72 59 90 73 27 18 43 80 86 34 46 52 17 58 99 13
TEST 63 ARG:44 59 22 2 9 52 24 46 54 72 66 39 93 48 25 77 43 97 28 86 84 1 64 99 68 56 33 5 23 58 85 29 10 87 81 7 0 49 60 34 45 90 73 20 21 53 80 16 38 98 31 65 8 27 67 26 75 37 4 17 6 47 71 36 3 51 61 76 79 63 50 92 40 11 30 57 82 62 91 96 69 32 19 94 15 13 83 78 18 89 42 70 95 14 12 88 74 55 35 41
TEST 63 ARG:44 59 22 2 9 52 24 46 54 72 66 39 93 48 25 77 43 97 28 86 84 1 64 99 68 56 33 5 23 58 85 29 10 87 81 7 0 49 60 34 45 90 73 20 21 53 80 16 38 98 31 65 8 27 67 26 75 37 4 17 6 47 71 36 3 51 61 76 79 63 50 92 40 11 30 57 82 62 91 96 69 32 19 94 15 13 83 78 18 89 42 70 95 14 12 88 74 55 35 41
TEST 64 ARG:36 58 8 0 50 90 11 53 7 81 62 42 31 2 60 48 12 45 67 70 24 34 76 23 57 17 75 3 66 82 91 86 29 77 78 4 9 6 10 96 43 85 44 20 92 46 41 21 63 71 37 40 18 5 13 39 65 61 51 1 35 74 98 64 54 93 80 73 94 22 16 87 28 89 56 19 52 38 68 72 27 33 99 84 25 83 47 79 95 14 15 69 26 88 55 30 32 97 49 59
TEST 64 ARG:36 58 8 0 50 90 11 53 7 81 62 42 31 2 60 48 12 45 67 70 24 34 76 23 57 17 75 3 66 82 91 86 29 77 78 4 9 6 10 96 43 85 44 20 92 46 41 21 63 71 37 40 18 5 13 39 65 61 51 1 35 74 98 64 54 93 80 73 94 22 16 87 28 89 56 19 52 38 68 72 27 33 99 84 25 83 47 79 95 14 15 69 26 88 55 30 32 97 49 59
TEST 65 ARG:68 27 17 77 35 57 43 75 28 13 2 7 9 95 54 99 25 55 24 93 39 37 71 48 62 70 34 63 58 20 12 21 85 80 73 94 74 84 78 51 86 72 22 79 69 89 53 56 0 11 23 44 14 1 40 96 88 59 82 36 26 6 10 16 33 76 46 32 38 19 98 49 60 29 8 4 3 31 92 90 91 47 15 5 65 52 42 30 67 50 41 97 81 66 87 18 45 64 61 83
TEST 65 ARG:68 27 17 77 35 57 43 75 28 13 2 7 9 95 54 99 25 55 24 93 39 37 71 48 62 70 34 63 58 20 12 21 85 80 73 94 74 84 78 51 86 72 22 79 69 89 53 56 0 11 23 44 14 1 40 96 88 59 82 36 26 6 10 16 33 76 46 32 38 19 98 49 60 29 8 4 3 31 92 90 91 47 15 5 65 52 42 30 67 50 41 97 81 66 87 18 45 64 61 83
TEST 66 ARG:34 7 26 20 40 42 52 1 85 93 41 38 60 32 80 51 23 81 13 67 0 3 25 17 2 5 9 47 8 48 35 27 97 16 74 98 95 99 11 46 31 55 90 45 91 69 82 89 18 96 43 75 12 54 29 39 56 33 59 78 73 4 63 68 87 64 62 22 44 86 10 70 15 28 65 14 71 6 49 76 37 72 88 24 19 50 61 66 57 94 79 92 83 36 84 58 30 21 77 53
TEST 66 ARG:34 7 26 20 40 42 52 1 85 93 41 38 60 32 80 51 23 81 13 67 0 3 25 17 2 5 9 47 8 48 35 27 97 16 74 98 95 99 11 46 31 55 90 45 91 69 82 89 18 96 43 75 12 54 29 39 56 33 59 78 73 4 63 68 87 64 62 22 44 86 10 70 15 28 65 14 71 6 49 76 37 72 88 24 19 50 61 66 57 94 79 92 83 36 84 58 30 21 77 53
TEST 67 ARG:99 73 88 16 3 35 22 65 6 27 36 14 62 39 72 32 10 30 52 21 81 43 44 93 60 13 9 90 38 74 57 47 84 68 31 15 42 92 77 61 82 75 5 56 23 25 33 89 71 87 96 11 7 98 76 29 1 41 54 78 53 46 79 59 95 91 12 24 67 49 50 17 70 51 40 69 94 2 8 26 66 63 97 55 28 20 85 4 34 48 80 64 19 45 58 37 86 83 18 0
TEST 67 ARG:99 73 88 16 3 35 22 65 6 27 36 14 62 39 72 32 10 30 52 21 81 43 44 93 60 13 9 90 38 74 57 47 84 68 31 15 42 92 77 61 82 75 5 56 23 25 33 89 71 87 96 11 7 98 76 29 1 41 54 78 53 46 79 59 95 91 12 24 67 49 50 17 70 51 40 69 94 2 8 26 66 63 97 55 28 20 85 4 34 48 80 64 19 45 58 37 86 83 18 0
TEST 68 ARG:90 42 84 83 7 99 39 60 5 38 18 65 63 64 29 48 55 15 36 85 43 16 79 51 24 72 6 28 14 49 1 75 11 23 13 81 47 96 12 94 87 21 93 98 37 0 76 8 44 97 91 95 32 10 80 88 59 74 33 50 25 20 31 26 52 68 41 77 69 19 17 58 35 70 57 71 82 86 34 9 46 2 66 54 67 56 27 40 45 61 73 4 89 3 78 53 92 22 62 30
TEST 68 ARG:90 42 84 83 7 99 39 60 5 38 18 65 63 64 29 48 55 15 36 85 43 16 79 51 24 72 6 28 14 49 1 75 11 23 13 81 47 96 12 94 87 21 93 98 37 0 76 8 44 97 91 95 32 10 80 88 59 74 33 50 25 20 31 26 52 68 41 77 69 19 17 58 35 70 57 71 82 86 34 9 46 2 66 54 67 56 27 40 45 61 73 4 89 3 78 53 92 22 62 30
TEST 69 ARG:66 63 34 27 86 92 84 8 91 59 2 70 28 76 46 13 0 54 49 82 69 24 77 9 15 79 57 73 48 11 99 32 72 94 65 45 58 37 25 78 53 97 81 1 83 6 51 47 62 30 36 19 14 98 20 71 7 80 26 44 67 41 3 23 18 74 38 87 89 33 40 17 61 88 52 16 22 50 93 60 21 43 35 5 31 10 39 29 56 4 95 64 85 75 42 96 12 90 55 68
TEST 69 ARG:66 63 34 27 86 92 84 8 91 59 2 70 28 76 46 13 0 54 49 82 69 24 77 9 15 79 57 73 48 11 99 32 72 94 65 45 58 37 25 78 53 97 81 1 83 6 51 47 62 30 36 19 14 98 20 71 7 80 26 44 67 41 3 23 18 74 38 87 89 33 40 17 61 88 52 16 22 50 93 60 21 43 35 5 31 10 39 29 56 4 95 64 85 75 42 96 12 90 55 68
TEST 70 ARG:1 27 77 56 48 42 98 35 93 15 68 70 97 14 3 52 81 53 50 45 80 25 54 17 40 41 78 43 8 83 44 90 20 16 12 89 30 28 49 36 71 57 73 88 61 64 51 19 6 79 37 46 11 0 22 60 95 21 63 87 39 32 99 13 65 26 82 34 91 67 55 33 4 84 47 24 29 7 9 96 58 72 31 5 69 62 92 38 2 86 74 18 75 59 76 10 66 94 23 85
TEST 70 ARG:1 27 77 56 48 42 98 35 93 15 68 70 97 14 3 52 81 53 50 45 80 25 54 17 40 41 78 43 8 83 44 90 20 16 12 89 30 28 49 36 71 57 73 88 61 64 51 19 6 79 37 46 11 0 22 60 95 21 63 87 39 32 99 13 65 26 82 34 91 67 55 33 4 84 47 24 29 7 9 96 58 72 31 5 69 62 92 38 2 86 74 18 75 59 76 10 66 94 23 85
TEST 71 ARG:60 3 87 43 33 52 57 34 54 19 48 71 11 13 99 8 35 98 37 77 79 12 6 68 75 95 42 74 27 40 90 62 17 83 30 50 5 80 26 38 67 4 66 9 94 16 10 58 45 28 96 2 39 29 93 21 82 20 92 72 24 59 46 53 89 7 51 61 0 69 31 84 97 18 22 76 47 91 32 1 70 23 25 36 81 73 88 85 78 41 65 56 86 44 55 63 15 14 49 64
TEST 71 ARG:60 3 87 43 33 52 57 34 54 19 48 71 11 13 99 8 35 98 37 77 79 12 6 68 75 95 42 74 27 40 90 62 17 83 30 50 5 80 26 38 67 4 66 9 94 16 10 58 45 28 96 2 39 29 93 21 82 20 92 72 24 59 46 53 89 7 51 61 0 69 31 84 97 18 22 76 47 91 32 1 70 23 25 36 81 73 88 85 78 41 65 56 86 44 55 63 15 14 49 64
TEST 72 ARG:64 46 87 13 14 77 66 54 49 88 9 86 94 52 15 31 79 67 55 20 91 58 69 5 18 80 99 32 25 16 21 51 98 37 90 6 40 70 92 48 74 44 39 61 23 63 27 84 26 12 38 71 0 68 57 59 19 78 45 82 62 11 50 10 30 22 24 33 73 93 17 42 53 95 72 89 28 96 36 35 56 43 34 1 97 83 8 3 75 60 76 41 4 81 2 47 29 7 65 85
TEST 72 ARG:64 46 87 13 14 77 66 54 49 88 9 86 94 52 15 31 79 67 55 20 91 58 69 5 18 80 99 32 25 16 21 51 98 37 90 6 40 70 92 48 74 44 39 61 23 63 27 84 26 12 38 71 0 68 57 59 19 78 45 82 62 11 50 10 30 22 24 33 73 93 17 42 53 95 72 89 28 96 36 35 56 43 34 1 97 83 8 3 75 60 76 41 4 81 2 47 29 7 65 85
TEST 73 ARG:80 9 14 94 61 68 13 82 36 17 90 95 35 54 2 10 39 1 7 49 48 65 55 60 93 63 74 15 34 85 76 30 81 99 22 78 87 24 26 33 23 83 4 43 96 0 41 66 45 70 38 47 69 64 91 71 3 79 77 62 11 18 97 40 29 89 27 88 20 37 52 28 21 58 31 57 44 8 53 59 56 92 50 84 12 86 46 72 32 73 19 67 42 5 25 75 51 16 6 98
TEST 73 ARG:80 9 14 94 61 68 13 82 36 17 90 95 35 54 2 10 39 1 7 49 48 65 55 60 93 63 74 15 34 85 76 30 81 99 22 78 87 24 26 33 23 83 4 43 96 0 41 66 45 70 38 47 69 64 91 71 3 79 77 62 11 18 97 40 29 89 27 88 20 37 52 28 21 58 31 57 44 8 53 59 56 92 50 84 12 86 46 72 32 73 19 67 42 5 25 75 51 16 6 98
TEST 74 ARG:96 67 53 34 17 20 46 98 66 65 73 11 64 7 23 88 10 78 51 60 61 93 72 9 6 36 12 3 40 97 15 18 37 33 49 79 38 13 57 24 80 42 27 70 8 55 59 19 47 85 62 56 94 91 90 28 21 25 48 5 29 63 82 71 45 1 26 14 0 58 86 22 84 52 50 89 43 4 54 68 87 16 31 2 74 99 77 95 81 69 92 75 44 83 41 35 76 30 39 32
TEST 74 ARG:96 67 53 34 17 20 46 98 66 65 73 11 64 7 23 88 10 78 51 60 61 93 72 9 6 36 12 3 40 97 15 18 37 33 49 79 38 13 57 24 80 42 27 70 8 55 59 19 47 85 62 56 94 91 90 28 21 25 48 5 29 63 82 71 45 1 26 14 0 58 86 22 84 52 50 89 43 4 54 68 87 16 31 2 74 99 77 95 81 69 92 75 44 83 41 35 76 30 39 32
TEST 75 ARG:6 48 80 31 35 79 9 74 65 75 34 8 96 91 45 46 51 78 76 4 61 19 86 2 60 71 13 33 41 67 25 17 58 0 36 54 3 69 66 30 90 93 77 18 92 1 94 10 49 42 70 7 11 53 14 38 73 44 24 63 5 55 83 52 40 32 29 84 43 27 37 68 85 97 62 47 95 56 88 87 23 15 82 57 20 16 98 22 21 89 12 64 28 72 99 39 59 81 26 50
TEST 75 ARG:6 48 80 31 35 79 9 74 65 75 34 8 96 91 45 46 51 78 76 4 61 19 86 2 60 71 13 33 41 67 25 17 58 0 36 54 3 69 66 30 90 93 77 18 92 1 94 10 49 42 70 7 11 53 14 38 73 44 24 63 5 55 83 52 40 32 29 84 43 27 37 68 85 97 62 47 95 56 88 87 23 15 82 57 20 16 98 22 21 89 12 64 28 72 99 39 59 81 26 50
